   0.00000000      0.100000001      0.100000001      0.500000000      0.500000000    
   9.99999978E-03  0.100000001      0.100000001      0.500999987      0.500999987    
   1.99999996E-02  0.100000001      0.100000001      0.501999974      0.501999974    
   2.99999993E-02  0.100000001      0.100000001      0.502999961      0.502999961    
   3.99999991E-02  0.100000001      0.100000001      0.503999949      0.503999949    
   4.99999970E-02  0.100000001      0.100000001      0.504999936      0.504999936    
   5.99999949E-02  0.100000001      0.100000001      0.505999923      0.505999923    
   6.99999928E-02  0.100000001      0.100000001      0.506999910      0.506999910    
   7.99999908E-02  0.100000001      0.100000001      0.507999897      0.507999897    
   8.99999887E-02  0.100000001      0.100000001      0.508999884      0.508999884    
   9.99999866E-02  0.100000001      0.100000001      0.509999871      0.509999871    
  0.109999985      0.100000001      0.100000001      0.510999858      0.510999858    
  0.119999982      0.100000001      0.100000001      0.511999846      0.511999846    
  0.129999980      0.100000001      0.100000001      0.512999833      0.512999833    
  0.139999986      0.100000001      0.100000001      0.513999820      0.513999820    
  0.149999991      0.100000001      0.100000001      0.514999807      0.514999807    
  0.159999996      0.100000001      0.100000001      0.515999794      0.515999794    
  0.170000002      0.100000001      0.100000001      0.516999781      0.516999781    
  0.180000007      0.100000001      0.100000001      0.517999768      0.517999768    
  0.190000013      0.100000001      0.100000001      0.518999755      0.518999755    
  0.200000018      0.100000001      0.100000001      0.519999743      0.519999743    
  0.210000023      0.100000001      0.100000001      0.520999730      0.520999730    
  0.220000029      0.100000001      0.100000001      0.521999717      0.521999717    
  0.230000034      0.100000001      0.100000001      0.522999704      0.522999704    
  0.240000039      0.100000001      0.100000001      0.523999691      0.523999691    
  0.250000030      0.100000001      0.100000001      0.524999678      0.524999678    
  0.260000020      0.100000001      0.100000001      0.525999665      0.525999665    
  0.270000011      0.100000001      0.100000001      0.526999652      0.526999652    
  0.280000001      0.100000001      0.100000001      0.527999640      0.527999640    
  0.289999992      0.100000001      0.100000001      0.528999627      0.528999627    
  0.299999982      0.100000001      0.100000001      0.529999614      0.529999614    
  0.309999973      0.100000001      0.100000001      0.530999601      0.530999601    
  0.319999963      0.100000001      0.100000001      0.531999588      0.531999588    
  0.329999954      0.100000001      0.100000001      0.532999575      0.532999575    
  0.339999944      0.100000001      0.100000001      0.533999562      0.533999562    
  0.349999934      0.100000001      0.100000001      0.534999549      0.534999549    
  0.359999925      0.100000001      0.100000001      0.535999537      0.535999537    
  0.369999915      0.100000001      0.100000001      0.536999524      0.536999524    
  0.379999906      0.100000001      0.100000001      0.537999511      0.537999511    
  0.389999896      0.100000001      0.100000001      0.538999498      0.538999498    
  0.399999887      0.100000001      0.100000001      0.539999485      0.539999485    
  0.409999877      0.100000001      0.100000001      0.540999472      0.540999472    
  0.419999868      0.100000001      0.100000001      0.541999459      0.541999459    
  0.429999858      0.100000001      0.100000001      0.542999446      0.542999446    
  0.439999849      0.100000001      0.100000001      0.543999434      0.543999434    
  0.449999839      0.100000001      0.100000001      0.544999421      0.544999421    
  0.459999830      0.100000001      0.100000001      0.545999408      0.545999408    
  0.469999820      0.100000001      0.100000001      0.546999395      0.546999395    
  0.479999810      0.100000001      0.100000001      0.547999382      0.547999382    
  0.489999801      0.100000001      0.100000001      0.548999369      0.548999369    
  0.499999791      0.100000001      0.100000001      0.549999356      0.549999356    
  0.509999812      0.100000001      0.100000001      0.550999343      0.550999343    
  0.519999802      0.100000001      0.100000001      0.551999331      0.551999331    
  0.529999793      0.100000001      0.100000001      0.552999318      0.552999318    
  0.539999783      0.100000001      0.100000001      0.553999305      0.553999305    
  0.549999774      0.100000001      0.100000001      0.554999292      0.554999292    
  0.559999764      0.100000001      0.100000001      0.555999279      0.555999279    
  0.569999754      0.100000001      0.100000001      0.556999266      0.556999266    
  0.579999745      0.100000001      0.100000001      0.557999253      0.557999253    
  0.589999735      0.100000001      0.100000001      0.558999240      0.558999240    
  0.599999726      0.100000001      0.100000001      0.559999228      0.559999228    
  0.609999716      0.100000001      0.100000001      0.560999215      0.560999215    
  0.619999707      0.100000001      0.100000001      0.561999202      0.561999202    
  0.629999697      0.100000001      0.100000001      0.562999189      0.562999189    
  0.639999688      0.100000001      0.100000001      0.563999176      0.563999176    
  0.649999678      0.100000001      0.100000001      0.564999163      0.564999163    
  0.659999669      0.100000001      0.100000001      0.565999150      0.565999150    
  0.669999659      0.100000001      0.100000001      0.566999137      0.566999137    
  0.679999650      0.100000001      0.100000001      0.567999125      0.567999125    
  0.689999640      0.100000001      0.100000001      0.568999112      0.568999112    
  0.699999630      0.100000001      0.100000001      0.569999099      0.569999099    
  0.709999621      0.100000001      0.100000001      0.570999086      0.570999086    
  0.719999611      0.100000001      0.100000001      0.571999073      0.571999073    
  0.729999602      0.100000001      0.100000001      0.572999060      0.572999060    
  0.739999592      0.100000001      0.100000001      0.573999047      0.573999047    
  0.749999583      0.100000001      0.100000001      0.574999034      0.574999034    
  0.759999573      0.100000001      0.100000001      0.575999022      0.575999022    
  0.769999564      0.100000001      0.100000001      0.576999009      0.576999009    
  0.779999554      0.100000001      0.100000001      0.577998996      0.577998996    
  0.789999545      0.100000001      0.100000001      0.578998983      0.578998983    
  0.799999535      0.100000001      0.100000001      0.579998970      0.579998970    
  0.809999526      0.100000001      0.100000001      0.580998957      0.580998957    
  0.819999516      0.100000001      0.100000001      0.581998944      0.581998944    
  0.829999506      0.100000001      0.100000001      0.582998931      0.582998931    
  0.839999497      0.100000001      0.100000001      0.583998919      0.583998919    
  0.849999487      0.100000001      0.100000001      0.584998906      0.584998906    
  0.859999478      0.100000001      0.100000001      0.585998893      0.585998893    
  0.869999468      0.100000001      0.100000001      0.586998880      0.586998880    
  0.879999459      0.100000001      0.100000001      0.587998867      0.587998867    
  0.889999449      0.100000001      0.100000001      0.588998854      0.588998854    
  0.899999440      0.100000001      0.100000001      0.589998841      0.589998841    
  0.909999430      0.100000001      0.100000001      0.590998828      0.590998828    
  0.919999421      0.100000001      0.100000001      0.591998816      0.591998816    
  0.929999411      0.100000001      0.100000001      0.592998803      0.592998803    
  0.939999402      0.100000001      0.100000001      0.593998790      0.593998790    
  0.949999392      0.100000001      0.100000001      0.594998777      0.594998777    
